$ANSIBLE_VAULT;1.1;AES256
37616362383261646361663230373936363136316532363735393332393136653432316538663833
3966636464653935383465613366346232323839343533310a633266393462373433323061313165
34366463663635356635326165303063303664636537333136663961646630356132313366376266
6139643932326238640a363432343662653739383263316365656361313636376663383833633762
64656661383433366230656462336338623761663839326633353033356666323763383037653637
66313635343732383461326537326265383239326666396536396638646539343735326636666339
30393838303530633231306561326564613164613131353139303964613066623734323661363961
38626666643762323730326230326662323331303735383035663761643464656132353066323030
63376434313332643533373966356532386563356135316533356132316132626237363833653232
34393366656630366430393037376336346632356363666335323536386166323162643363393863
34396238353938336465646133376531346564316463366536306339313364363934393531323137
66653233633362386638333239336563313930343538376265336538323466373935336539353263
66326439333732393834373434386436396665643366646362636430616535373538626433346235
38336462613462393866663236313839333936336137333366633836393463343439643330643134
64353430323966386365323861306564373339383636653363323531643966383235386535653531
62643030376666663831353261623430376565623764363461393461623362396364386630396236
33386630616636323435623434363137303061616463366633316438643736323335646662663734
34323564306165313536316265633562343731616336663534663831353933623964383332306661
37366565393431353735613866343134633938333539633033663234623363656637353530653862
33323837613938343737633731393635616137336639383038613566653662363138373635333339
37353335356662656135376666396431633966633931346462303830383838666131336232353263
38376566366235363265613764653436643437653237393165666131626566303565303734613939
66346339316631356163613436363230303730346131313031363366336266663638303236353363
33633864646364376262646639336636313839326632383732333766323335363035343934396365
31373563626537613064316163383435346462656131363064363334356532303630313933393161
34303264323133323038316163346233343662663633626135316133373938333739386461373766
66333464323362653230356130333361646233356534316337646132626237656662663863346436
32353433633631343933336632333863633636393865626236366161636335336235346438643464
61366464326364306230323135653061323331346434366631666561663930663461613366626332
65623934363638323630306564336662383035623565323135333937336365346237376531646366
37396230323931623836363738333837353133353330643839323536666464343663373539633337
32616564303139376236663263303261633035633462393838336566343434623963353533323162
31396136623361636163393166623164323237333333373235303864386362363739386365383935
61646137303464396636393264663733383565623036383664313733356633383264646638373362
34306162656564633433326263373432326531363564353633653763633539313934303165373766
30383264303064393030663031303739333962326132316166373662643033313338393561323132
31303336623131636562363538306331636439303634346465336435383666613037616539663239
66363837356138346365656361623137633963356434376137646332646263376337653664393961
61356635666665376532633130333033663634386563336261613664653563303762633136393862
30633965303731656462623063383738316636376534323364373163626661333534366466383565
30643939643739363438373234306239313862386139346239346231336331656237633239626231
37383966373934313736376339343166343337383235366237383634313733373733353136313566
32366565316439313731376135373562373134636337353730376636386230356536326431386138
63366361396637326561386434613732313230333965336635613935663930633963356137613532
33396663386534396130383633663234653363636531363530336461613331306662383665323638
33303065666238373136663766323135626133323734633366316266386238366361663933613934
36393633386136366535393831366566623231343661653832643866393062383065623836376461
36626562393362313263333661353266393864653932326134613230613139393633623035636661
32373065623661616536626165353933633561373863653762633961376237353736323361376137
66373130313330366665656562323463653133393863656464323435623961396161343266656163
38323564623864656132353735363533363466393762313338633630346535363463626435343038
65356362376232303637343931616361303066373961636337663633623735623030363466313066
39616365336565323865316263633565323061633465333138323866393164356432633465316635
66386234346238353162356634316134646136333565303163363337316233373834323466363863
61383537303162636666666131616231383631643735306438613364323766653663633366653366
35613764643432626432626339663362633630313138323730623764356361346538353137643136
63356533326164313238613830356530656563356133336662666365663837623062303262373063
64326162616639346363383936663433333463633032336133633339613730346332366261393936
31336630343261306236663464643165633235633263353730653131653638663562373335313631
34333333386338633533346438356432653536386664663631353966666439643465376134626661
37366232303739656636333363373035666363353865623965373236336435386535396563363636
63386661326165613164343062363531633035636539643235636330623439626463323936373131
30663161626666363061363866383464353363666532363263396666386532333133323539613032
32396130656365623534646538376536393237386265656461306137303437626361303133623637
36653637386632313762316331663633626634373564323961626464336633383036616137646262
37343734333365623231323835643561656230333332653665336536633939623564393135633465
30613438323033623531373938313931643431656539626132373632376139366232346537303165
61356461386166356637393462303466633736323835313133333339666164393338316639386565
30303138376133313432343633386562353038626138643261393162643362626236326563383331
62653836356332303664326630323861636136333562313935643530353764323762643862666637
33313463653261323235366562383032633865653963376263333864623739656538333733343631
64626633653866376365636439633834373134323534353031393333653730663163333437323665
37626438646634336563333133616531326531633461623136393330313132366532656233393636
66383063396231333263366265363163333830356463356635326231323161653633666661356239
31363461313631343037633461396338393539333563363964653766663137393262633033303131
30356230343166363038316433313664303635613935616563323938353837623865663431396131
61316464613131656162663832366631373961663032636365656634306661633731323361643164
34303666333061306534303233376339646365333239353739623334303431623939643335393465
33313139396435363362666437353630363362336137363964613439343834393639363766383766
30393638343339346463616537346563383135633163623463356163306339636437326563643038
32323932316561613162613730373666336332343237343231646632653139343061323530633332
39633339363363346138336161343333373863653666363236656438613331316264346563333432
32356334636261356334363438366337303936363638626361626230646330616365613363366533
39386639353462373164356533346535393133666132373864633261356165316333313234646363
35306138613637386538333635343537383133323533643136613535636433616664303563623638
62646230646464356337376162663764653865636639633564326638373338373364373738393936
38363335623438393530653965323565393733363837333532653563393065353735353537343162
30396437383034373363353565656261613336353937633836653738383131306536613263323161
38626330613439623762623238336434343735353039353337346136356537396336303237343863
61666338663332306432306230396666323835643465646261643434653532643462323762633462
66316665303162643162356363326137663366663163636264356266636435323761643963633962
61643439613533313164313930393738366463343131376432613734306665373266653035653833
32343363363365633931393135363830393565313731383433653432366139613263633664633433
38336162346532376239386535336366656163386661383166666530633032656536373562633933
633564373461313764393061326639653362
